# relative_time, cycles_done, cur_item, corpus_count, pending_total, pending_favs, map_size, saved_crashes, saved_hangs, max_depth, execs_per_sec, total_execs, edges_found
61, 1, 3, 4, 0, 0, 0.00%, 1, 0, 1, 1.36, 1585, 7
66, 1, 3, 4, 0, 0, 0.00%, 1, 0, 1, 19.08, 1687, 7
71, 1, 3, 4, 0, 0, 0.00%, 1, 0, 1, 44.78, 1830, 7
77, 1, 3, 4, 0, 0, 0.00%, 1, 0, 1, 34.26, 1991, 7
82, 1, 3, 4, 0, 0, 0.00%, 1, 0, 1, 43.30, 2211, 7
87, 1, 3, 4, 0, 0, 0.00%, 1, 0, 1, 2.93, 2376, 7
92, 1, 3, 4, 0, 0, 0.00%, 1, 0, 1, 44.09, 2551, 7
98, 2, 3, 4, 0, 0, 0.00%, 1, 0, 1, 10.44, 2611, 7
103, 2, 3, 4, 0, 0, 0.00%, 1, 0, 1, 17.33, 2718, 7
108, 2, 3, 4, 0, 0, 0.00%, 1, 0, 1, 6.80, 2848, 7
113, 2, 3, 4, 0, 0, 0.00%, 1, 0, 1, 41.02, 3054, 7
118, 2, 3, 4, 0, 0, 0.00%, 1, 0, 1, 34.65, 3189, 7
124, 2, 3, 4, 0, 0, 0.00%, 1, 0, 1, 2.78, 3288, 7
129, 2, 3, 4, 0, 0, 0.00%, 1, 0, 1, 3.96, 3348, 7
134, 2, 3, 4, 0, 0, 0.00%, 1, 0, 1, 3.93, 3368, 7
139, 2, 3, 4, 0, 0, 0.00%, 1, 0, 1, 3.75, 3381, 7
144, 2, 3, 4, 0, 0, 0.00%, 1, 0, 1, 8.26, 3492, 7
149, 2, 3, 4, 0, 0, 0.00%, 1, 0, 1, 29.63, 3655, 7
154, 2, 3, 4, 0, 0, 0.00%, 1, 0, 1, 33.40, 3835, 7
160, 3, 3, 4, 0, 0, 0.00%, 1, 0, 1, 11.52, 3969, 7
165, 3, 3, 4, 0, 0, 0.00%, 1, 0, 1, 19.41, 4079, 7
170, 3, 3, 4, 0, 0, 0.00%, 1, 0, 1, 28.61, 4219, 7
175, 3, 3, 4, 0, 0, 0.00%, 1, 0, 1, 46.47, 4480, 7
180, 3, 3, 4, 0, 0, 0.00%, 1, 0, 1, 52.17, 4748, 7
185, 3, 3, 4, 0, 0, 0.00%, 1, 0, 1, 4.72, 4981, 7
190, 3, 3, 4, 0, 0, 0.00%, 1, 0, 1, 45.85, 5211, 7
195, 4, 3, 4, 0, 0, 0.00%, 1, 0, 1, 48.80, 5462, 7
200, 4, 3, 4, 0, 0, 0.00%, 1, 0, 1, 47.93, 5710, 7
205, 4, 3, 4, 0, 0, 0.00%, 1, 0, 1, 49.07, 5934, 7
210, 4, 3, 4, 0, 0, 0.00%, 1, 0, 1, 68.97, 6133, 7
216, 4, 3, 4, 0, 0, 0.00%, 1, 0, 1, 18.11, 6333, 7
221, 4, 3, 4, 0, 0, 0.00%, 1, 0, 1, 42.95, 6543, 7
226, 5, 3, 4, 0, 0, 0.00%, 1, 0, 1, 45.70, 6797, 7
231, 5, 3, 4, 0, 0, 0.00%, 1, 0, 1, 6.18, 6936, 7
237, 5, 3, 4, 0, 0, 0.00%, 1, 0, 1, 2.09, 7014, 7
242, 5, 3, 4, 0, 0, 0.00%, 1, 0, 1, 4.89, 7041, 7
247, 5, 3, 4, 0, 0, 0.00%, 1, 0, 1, 13.46, 7112, 7
252, 5, 3, 4, 0, 0, 0.00%, 1, 0, 1, 21.13, 7222, 7
257, 5, 3, 4, 0, 0, 0.00%, 1, 0, 1, 58.06, 7373, 7
263, 5, 3, 4, 0, 0, 0.00%, 1, 0, 1, 26.57, 7448, 7
268, 5, 3, 4, 0, 0, 0.00%, 1, 0, 1, 29.27, 7582, 7
273, 5, 3, 4, 0, 0, 0.00%, 1, 0, 1, 35.38, 7773, 7
278, 5, 3, 4, 0, 0, 0.00%, 1, 0, 1, 26.26, 7904, 7
283, 5, 3, 4, 0, 0, 0.00%, 1, 0, 1, 22.62, 8013, 7
288, 6, 3, 4, 0, 0, 0.00%, 1, 0, 1, 24.61, 8140, 7
294, 6, 3, 4, 0, 0, 0.00%, 1, 0, 1, 23.52, 8259, 7
299, 6, 3, 4, 0, 0, 0.00%, 1, 0, 1, 42.98, 8482, 7
304, 6, 3, 4, 0, 0, 0.00%, 1, 0, 1, 10.40, 8583, 7
309, 6, 3, 4, 0, 0, 0.00%, 1, 0, 1, 10.43, 8634, 7
314, 6, 3, 4, 0, 0, 0.00%, 1, 0, 1, 11.22, 8688, 7
319, 6, 3, 4, 0, 0, 0.00%, 1, 0, 1, 13.73, 8753, 7
324, 6, 3, 4, 0, 0, 0.00%, 1, 0, 1, 19.10, 8847, 7
329, 6, 3, 4, 0, 0, 0.00%, 1, 0, 1, 19.51, 8947, 7
334, 6, 3, 4, 0, 0, 0.00%, 1, 0, 1, 20.63, 9051, 7
339, 6, 3, 4, 0, 0, 0.00%, 1, 0, 1, 21.04, 9155, 7
345, 6, 3, 4, 0, 0, 0.00%, 1, 0, 1, 29.64, 9296, 7
350, 7, 3, 4, 0, 0, 0.00%, 1, 0, 1, 27.18, 9446, 7
355, 7, 3, 4, 0, 0, 0.00%, 1, 0, 1, 28.65, 9587, 7
360, 7, 3, 4, 0, 0, 0.00%, 1, 0, 1, 32.77, 9763, 7
365, 7, 3, 4, 0, 0, 0.00%, 1, 0, 1, 6.19, 9904, 7
370, 7, 3, 4, 0, 0, 0.00%, 1, 0, 1, 19.49, 10024, 7
375, 7, 3, 4, 0, 0, 0.00%, 1, 0, 1, 18.18, 10114, 7
380, 7, 3, 4, 0, 0, 0.00%, 1, 0, 1, 29.20, 10280, 7
385, 7, 3, 4, 0, 0, 0.00%, 1, 0, 1, 31.08, 10437, 7
390, 7, 3, 4, 0, 0, 0.00%, 1, 0, 1, 3.15, 10510, 7
396, 7, 3, 4, 0, 0, 0.00%, 1, 0, 1, 25.02, 10637, 7
401, 8, 3, 4, 0, 0, 0.00%, 1, 0, 1, 37.04, 10820, 7
406, 8, 3, 4, 0, 0, 0.00%, 1, 0, 1, 38.98, 11000, 7
411, 8, 3, 4, 0, 0, 0.00%, 1, 0, 1, 44.65, 11244, 7
416, 8, 3, 4, 0, 0, 0.00%, 1, 0, 1, 5.08, 11393, 7
421, 8, 3, 4, 0, 0, 0.00%, 1, 0, 1, 29.74, 11531, 7
426, 8, 3, 4, 0, 0, 0.00%, 1, 0, 1, 34.97, 11709, 7
431, 8, 3, 4, 0, 0, 0.00%, 1, 0, 1, 28.87, 11861, 7
436, 8, 3, 4, 0, 0, 0.00%, 1, 0, 1, 38.35, 12050, 7
441, 9, 3, 4, 0, 0, 0.00%, 1, 0, 1, 39.01, 12271, 7
446, 9, 3, 4, 0, 0, 0.00%, 1, 0, 1, 43.27, 12498, 7
451, 9, 3, 4, 0, 0, 0.00%, 1, 0, 1, 46.74, 12709, 7
456, 9, 3, 4, 0, 0, 0.00%, 1, 0, 1, 52.78, 12971, 7
462, 9, 3, 4, 0, 0, 0.00%, 1, 0, 1, 39.43, 13181, 7
467, 9, 3, 4, 0, 0, 0.00%, 1, 0, 1, 36.82, 13366, 7
472, 10, 3, 4, 0, 0, 0.00%, 1, 0, 1, 47.95, 13568, 7
477, 10, 3, 4, 0, 0, 0.00%, 1, 0, 1, 48.25, 13817, 7
482, 10, 3, 4, 0, 0, 0.00%, 1, 0, 1, 42.06, 14014, 7
487, 10, 3, 4, 0, 0, 0.00%, 1, 0, 1, 40.48, 14218, 7
492, 10, 3, 4, 0, 0, 0.00%, 1, 0, 1, 43.05, 14433, 7
497, 10, 3, 4, 0, 0, 0.00%, 1, 0, 1, 26.39, 14551, 7
502, 10, 3, 4, 0, 0, 0.00%, 1, 0, 1, 20.66, 14649, 7
508, 10, 3, 4, 0, 0, 0.00%, 1, 0, 1, 36.41, 14776, 7
513, 11, 3, 4, 0, 0, 0.00%, 1, 0, 1, 30.19, 14929, 7
518, 11, 3, 4, 0, 0, 0.00%, 1, 0, 1, 23.07, 15035, 7
523, 11, 3, 4, 0, 0, 0.00%, 1, 0, 1, 21.86, 15143, 7
528, 11, 3, 4, 0, 0, 0.00%, 1, 0, 1, 19.79, 15244, 7
533, 11, 3, 4, 0, 0, 0.00%, 1, 0, 1, 20.77, 15351, 7
538, 11, 3, 4, 0, 0, 0.00%, 1, 0, 1, 44.33, 15594, 7
544, 11, 3, 4, 0, 0, 0.00%, 1, 0, 1, 53.98, 15892, 7
549, 11, 3, 4, 0, 0, 0.00%, 1, 0, 1, 41.85, 16090, 7
554, 11, 3, 4, 0, 0, 0.00%, 1, 0, 1, 24.61, 16197, 7
559, 12, 3, 4, 0, 0, 0.00%, 1, 0, 1, 29.59, 16342, 7
564, 12, 3, 4, 0, 0, 0.00%, 1, 0, 1, 41.14, 16560, 7
570, 12, 3, 4, 0, 0, 0.00%, 1, 0, 1, 32.75, 16731, 7
575, 12, 3, 4, 0, 0, 0.00%, 1, 0, 1, 2.14, 16811, 7
580, 12, 3, 4, 0, 0, 0.00%, 1, 0, 1, 7.84, 16853, 7
585, 12, 3, 4, 0, 0, 0.00%, 1, 0, 1, 2.76, 16873, 7
592, 12, 3, 4, 0, 0, 0.00%, 1, 0, 1, 0.55, 16895, 7
816, 12, 3, 4, 0, 0, 0.00%, 1, 0, 1, 0.01, 16900, 7
818, 12, 3, 4, 0, 0, 0.00%, 1, 0, 1, 9.81, 16940, 7
824, 12, 3, 4, 0, 0, 0.00%, 1, 0, 1, 32.33, 17101, 7
829, 12, 3, 4, 0, 0, 0.00%, 1, 0, 1, 28.38, 17261, 7
834, 12, 3, 4, 0, 0, 0.00%, 1, 0, 1, 15.01, 17360, 7
839, 12, 3, 4, 0, 0, 0.00%, 1, 0, 1, 22.00, 17474, 7
844, 13, 3, 4, 0, 0, 0.00%, 1, 0, 1, 40.96, 17708, 7
849, 13, 3, 4, 0, 0, 0.00%, 1, 0, 1, 24.89, 17863, 7
854, 13, 3, 4, 0, 0, 0.00%, 1, 0, 1, 43.52, 18119, 7
859, 13, 3, 4, 0, 0, 0.00%, 1, 0, 1, 26.10, 18231, 7
864, 13, 3, 4, 0, 0, 0.00%, 1, 0, 1, 21.26, 18299, 7
869, 13, 3, 4, 0, 0, 0.00%, 1, 0, 1, 22.63, 18410, 7
875, 13, 3, 4, 0, 0, 0.00%, 1, 0, 1, 26.54, 18553, 7
880, 13, 3, 4, 0, 0, 0.00%, 1, 0, 1, 21.19, 18660, 7
885, 13, 3, 4, 0, 0, 0.00%, 1, 0, 1, 20.63, 18761, 7
890, 13, 3, 4, 0, 0, 0.00%, 1, 0, 1, 41.51, 18970, 7
895, 14, 3, 4, 0, 0, 0.00%, 1, 0, 1, 38.51, 19174, 7
900, 14, 3, 4, 0, 0, 0.00%, 1, 0, 1, 32.03, 19328, 7
905, 14, 3, 4, 0, 0, 0.00%, 1, 0, 1, 35.78, 19513, 7
910, 14, 3, 4, 0, 0, 0.00%, 1, 0, 1, 29.91, 19661, 7
915, 14, 3, 4, 0, 0, 0.00%, 1, 0, 1, 44.83, 19885, 7
921, 14, 3, 4, 0, 0, 0.00%, 1, 0, 1, 44.57, 20083, 7
926, 14, 3, 4, 0, 0, 0.00%, 1, 0, 1, 35.10, 20252, 7
931, 14, 3, 4, 0, 0, 0.00%, 1, 0, 1, 31.15, 20394, 7
936, 15, 3, 4, 0, 0, 0.00%, 1, 0, 1, 32.84, 20565, 7
941, 15, 3, 4, 0, 0, 0.00%, 1, 0, 1, 26.14, 20699, 7
946, 15, 3, 4, 0, 0, 0.00%, 1, 0, 1, 20.91, 20801, 7
951, 15, 3, 4, 0, 0, 0.00%, 1, 0, 1, 34.84, 20962, 7
956, 15, 3, 4, 0, 0, 0.00%, 1, 0, 1, 44.12, 21216, 7
961, 15, 3, 4, 0, 0, 0.00%, 1, 0, 1, 48.54, 21440, 7
966, 15, 3, 4, 0, 0, 0.00%, 1, 0, 1, 60.23, 21746, 7
972, 16, 3, 4, 0, 0, 0.00%, 1, 0, 1, 16.87, 21899, 7
977, 16, 3, 4, 0, 0, 0.00%, 1, 0, 1, 21.79, 22022, 7
982, 16, 3, 4, 0, 0, 0.00%, 1, 0, 1, 42.72, 22288, 7
987, 16, 3, 4, 0, 0, 0.00%, 1, 0, 1, 36.81, 22462, 7
992, 16, 3, 4, 0, 0, 0.00%, 1, 0, 1, 24.04, 22564, 7
997, 16, 3, 4, 0, 0, 0.00%, 1, 0, 1, 20.67, 22663, 7
1002, 16, 3, 4, 0, 0, 0.00%, 1, 0, 1, 30.78, 22818, 7
1007, 16, 3, 4, 0, 0, 0.00%, 1, 0, 1, 36.06, 22999, 7
1013, 16, 3, 4, 0, 0, 0.00%, 1, 0, 1, 33.26, 23166, 7
1018, 17, 3, 4, 0, 0, 0.00%, 1, 0, 1, 27.75, 23300, 7
1023, 17, 3, 4, 0, 0, 0.00%, 1, 0, 1, 27.27, 23436, 7
1028, 17, 3, 4, 0, 0, 0.00%, 1, 0, 1, 27.29, 23576, 7
1033, 17, 3, 4, 0, 0, 0.00%, 1, 0, 1, 23.29, 23689, 7
1038, 17, 3, 4, 0, 0, 0.00%, 1, 0, 1, 22.06, 23803, 7
1043, 17, 3, 4, 0, 0, 0.00%, 1, 0, 1, 27.65, 23943, 7
1048, 17, 3, 4, 0, 0, 0.00%, 1, 0, 1, 33.22, 24138, 7
1053, 17, 3, 4, 0, 0, 0.00%, 1, 0, 1, 28.67, 24280, 7
1059, 17, 3, 4, 0, 0, 0.00%, 1, 0, 1, 21.35, 24383, 7
1064, 17, 3, 4, 0, 0, 0.00%, 1, 0, 1, 18.79, 24475, 7
1069, 18, 3, 4, 0, 0, 0.00%, 1, 0, 1, 23.81, 24588, 7
1074, 18, 3, 4, 0, 0, 0.00%, 1, 0, 1, 35.01, 24808, 7
1079, 18, 3, 4, 0, 0, 0.00%, 1, 0, 1, 28.90, 24941, 7
1084, 18, 3, 4, 0, 0, 0.00%, 1, 0, 1, 47.02, 25175, 7
1089, 18, 3, 4, 0, 0, 0.00%, 1, 0, 1, 31.72, 25318, 7
1094, 18, 3, 4, 0, 0, 0.00%, 1, 0, 1, 26.43, 25435, 7
1100, 18, 3, 4, 0, 0, 0.00%, 1, 0, 1, 6.02, 25487, 7
1105, 18, 3, 4, 0, 0, 0.00%, 1, 0, 1, 12.42, 25562, 7
1110, 18, 3, 4, 0, 0, 0.00%, 1, 0, 1, 18.10, 25635, 7
1115, 18, 3, 4, 0, 0, 0.00%, 1, 0, 1, 24.25, 25755, 7
1120, 19, 3, 4, 0, 0, 0.00%, 1, 0, 1, 29.82, 25923, 7
1125, 19, 3, 4, 0, 0, 0.00%, 1, 0, 1, 25.94, 26057, 7
1130, 19, 3, 4, 0, 0, 0.00%, 1, 0, 1, 37.54, 26242, 7
1135, 19, 3, 4, 0, 0, 0.00%, 1, 0, 1, 33.56, 26423, 7
1140, 19, 3, 4, 0, 0, 0.00%, 1, 0, 1, 23.29, 26528, 7
1146, 19, 3, 4, 0, 0, 0.00%, 1, 0, 1, 18.09, 26604, 7
1151, 19, 3, 4, 0, 0, 0.00%, 1, 0, 1, 17.38, 26692, 7
1156, 19, 3, 4, 0, 0, 0.00%, 1, 0, 1, 14.77, 26767, 7
1161, 19, 3, 4, 0, 0, 0.00%, 1, 0, 1, 16.15, 26853, 7
1166, 19, 3, 4, 0, 0, 0.00%, 1, 0, 1, 18.41, 26946, 7
1171, 19, 3, 4, 0, 0, 0.00%, 1, 0, 1, 17.86, 27037, 7
1176, 19, 3, 4, 0, 0, 0.00%, 1, 0, 1, 42.44, 27280, 7
1181, 20, 3, 4, 0, 0, 0.00%, 1, 0, 1, 22.65, 27420, 7
1187, 20, 3, 4, 0, 0, 0.00%, 1, 0, 1, 38.40, 27634, 7
1192, 20, 3, 4, 0, 0, 0.00%, 1, 0, 1, 32.26, 27789, 7
1197, 20, 3, 4, 0, 0, 0.00%, 1, 0, 1, 20.61, 27874, 7
1202, 20, 3, 4, 0, 0, 0.00%, 1, 0, 1, 28.37, 28007, 7
1207, 20, 3, 4, 0, 0, 0.00%, 1, 0, 1, 8.69, 28226, 7
1212, 20, 3, 4, 0, 0, 0.00%, 1, 0, 1, 16.79, 28327, 7
1218, 20, 3, 4, 0, 0, 0.00%, 1, 0, 1, 22.29, 28452, 7
1223, 20, 3, 4, 0, 0, 0.00%, 1, 0, 1, 32.64, 28630, 7
1228, 21, 3, 4, 0, 0, 0.00%, 1, 0, 1, 23.94, 28744, 7
1233, 21, 3, 4, 0, 0, 0.00%, 1, 0, 1, 23.17, 28864, 7
1238, 21, 3, 4, 0, 0, 0.00%, 1, 0, 1, 45.67, 29102, 7
1243, 21, 3, 4, 0, 0, 0.00%, 1, 0, 1, 55.24, 29392, 7
1248, 21, 3, 4, 0, 0, 0.00%, 1, 0, 1, 37.89, 29560, 7
1253, 21, 3, 4, 0, 0, 0.00%, 1, 0, 1, 24.59, 29668, 7
1259, 21, 3, 4, 0, 0, 0.00%, 1, 0, 1, 20.49, 29769, 7
1264, 21, 3, 4, 0, 0, 0.00%, 1, 0, 1, 19.65, 29869, 7
1269, 21, 3, 4, 0, 0, 0.00%, 1, 0, 1, 20.57, 29976, 7
1274, 22, 3, 4, 0, 0, 0.00%, 1, 0, 1, 37.31, 30152, 7
1279, 22, 3, 4, 0, 0, 0.00%, 1, 0, 1, 30.65, 30321, 7
1284, 22, 3, 4, 0, 0, 0.00%, 1, 0, 1, 37.15, 30503, 7
1289, 22, 3, 4, 0, 0, 0.00%, 1, 0, 1, 63.29, 30860, 7
1294, 22, 3, 4, 0, 0, 0.00%, 1, 0, 1, 36.46, 31026, 7
1299, 22, 3, 4, 0, 0, 0.00%, 1, 0, 1, 22.79, 31120, 7
1304, 22, 3, 4, 0, 0, 0.00%, 1, 0, 1, 39.00, 31297, 7
1310, 23, 3, 4, 0, 0, 0.00%, 1, 0, 1, 12.23, 31477, 7
1315, 23, 3, 4, 0, 0, 0.00%, 1, 0, 1, 23.54, 31607, 7
1320, 23, 3, 4, 0, 0, 0.00%, 1, 0, 1, 47.39, 31877, 7
1325, 23, 3, 4, 0, 0, 0.00%, 1, 0, 1, 29.94, 31984, 7
1330, 23, 3, 4, 0, 0, 0.00%, 1, 0, 1, 23.03, 32095, 7
1335, 23, 3, 4, 0, 0, 0.00%, 1, 0, 1, 18.43, 32182, 7
1340, 23, 3, 4, 0, 0, 0.00%, 1, 0, 1, 25.85, 32249, 7
1346, 23, 3, 4, 0, 0, 0.00%, 1, 0, 1, 19.09, 32334, 7
1351, 23, 3, 4, 0, 0, 0.00%, 1, 0, 1, 19.68, 32431, 7
1356, 23, 3, 4, 0, 0, 0.00%, 1, 0, 1, 21.15, 32544, 7
1361, 23, 3, 4, 0, 0, 0.00%, 1, 0, 1, 27.79, 32696, 7
1366, 24, 3, 4, 0, 0, 0.00%, 1, 0, 1, 39.90, 32892, 7
1371, 24, 3, 4, 0, 0, 0.00%, 1, 0, 1, 80.09, 33060, 7
1377, 24, 3, 4, 0, 0, 0.00%, 1, 0, 1, 19.58, 33171, 7
1382, 24, 3, 4, 0, 0, 0.00%, 1, 0, 1, 37.39, 33367, 7
1387, 24, 3, 4, 0, 0, 0.00%, 1, 0, 1, 47.98, 33615, 7
1392, 24, 3, 4, 0, 0, 0.00%, 1, 0, 1, 30.44, 33770, 7
1397, 24, 3, 4, 0, 0, 0.00%, 1, 0, 1, 21.70, 33874, 7
1402, 24, 3, 4, 0, 0, 0.00%, 1, 0, 1, 40.98, 34063, 7
1407, 25, 3, 4, 0, 0, 0.00%, 1, 0, 1, 63.10, 34423, 7
1412, 25, 3, 4, 0, 0, 0.00%, 1, 0, 1, 58.11, 34680, 7
1417, 25, 3, 4, 0, 0, 0.00%, 1, 0, 1, 40.76, 34914, 7
1423, 25, 3, 4, 0, 0, 0.00%, 1, 0, 1, 28.38, 35040, 7
1428, 25, 3, 4, 0, 0, 0.00%, 1, 0, 1, 49.58, 35297, 7
1433, 25, 3, 4, 0, 0, 0.00%, 1, 0, 1, 31.35, 35437, 7
1438, 26, 3, 4, 0, 0, 0.00%, 1, 0, 1, 26.95, 35555, 7
1443, 26, 3, 4, 0, 0, 0.00%, 1, 0, 1, 37.35, 35754, 7
1448, 26, 3, 4, 0, 0, 0.00%, 1, 0, 1, 48.89, 36024, 7
1453, 26, 3, 4, 0, 0, 0.00%, 1, 0, 1, 29.49, 36262, 7
1458, 26, 3, 4, 0, 0, 0.00%, 1, 0, 1, 25.32, 36387, 7
1463, 26, 3, 4, 0, 0, 0.00%, 1, 0, 1, 21.91, 36508, 7
1469, 26, 3, 4, 0, 0, 0.00%, 1, 0, 1, 17.61, 36590, 7
1474, 26, 3, 4, 0, 0, 0.00%, 1, 0, 1, 19.88, 36685, 7
1479, 27, 3, 4, 0, 0, 0.00%, 1, 0, 1, 39.75, 36962, 7
1484, 27, 3, 4, 0, 0, 0.00%, 1, 0, 1, 25.48, 37066, 7
1489, 27, 3, 4, 0, 0, 0.00%, 1, 0, 1, 22.23, 37173, 7
1494, 27, 3, 4, 0, 0, 0.00%, 1, 0, 1, 24.90, 37298, 7
1499, 27, 3, 4, 0, 0, 0.00%, 1, 0, 1, 50.43, 37548, 7
1504, 27, 3, 4, 0, 0, 0.00%, 1, 0, 1, 37.98, 37729, 7
1510, 27, 3, 4, 0, 0, 0.00%, 1, 0, 1, 18.07, 37842, 7
1515, 27, 3, 4, 0, 0, 0.00%, 1, 0, 1, 58.03, 38039, 7
1520, 27, 3, 4, 0, 0, 0.00%, 1, 0, 1, 42.13, 38229, 7
1525, 28, 3, 4, 0, 0, 0.00%, 1, 0, 1, 47.80, 38488, 7
1530, 28, 3, 4, 0, 0, 0.00%, 1, 0, 1, 51.09, 38776, 7
1535, 28, 3, 4, 0, 0, 0.00%, 1, 0, 1, 43.88, 39003, 7
1540, 28, 3, 4, 0, 0, 0.00%, 1, 0, 1, 24.35, 39093, 7
1545, 28, 3, 4, 0, 0, 0.00%, 1, 0, 1, 17.92, 39166, 7
1550, 28, 3, 4, 0, 0, 0.00%, 1, 0, 1, 50.20, 39433, 7
1556, 28, 3, 4, 0, 0, 0.00%, 1, 0, 1, 2.90, 39510, 7
1561, 28, 3, 4, 0, 0, 0.00%, 1, 0, 1, 2.80, 39519, 7
1566, 28, 3, 4, 0, 0, 0.00%, 1, 0, 1, 7.98, 39561, 7
1571, 28, 3, 4, 0, 0, 0.00%, 1, 0, 1, 16.06, 39651, 7
1576, 29, 3, 4, 0, 0, 0.00%, 1, 0, 1, 10.44, 39700, 7
1581, 29, 3, 4, 0, 0, 0.00%, 1, 0, 1, 10.97, 39750, 7
1586, 29, 3, 4, 0, 0, 0.00%, 1, 0, 1, 25.07, 39889, 7
1592, 29, 3, 4, 0, 0, 0.00%, 1, 0, 1, 21.07, 39991, 7
1597, 29, 3, 4, 0, 0, 0.00%, 1, 0, 1, 14.75, 40061, 7
1602, 29, 3, 4, 0, 0, 0.00%, 1, 0, 1, 24.14, 40172, 7
1607, 29, 3, 4, 0, 0, 0.00%, 1, 0, 1, 27.54, 40323, 7
1612, 29, 3, 4, 0, 0, 0.00%, 1, 0, 1, 40.51, 40541, 7
1617, 29, 3, 4, 0, 0, 0.00%, 1, 0, 1, 31.82, 40701, 7
1623, 29, 3, 4, 0, 0, 0.00%, 1, 0, 1, 34.66, 40861, 7
1628, 29, 3, 4, 0, 0, 0.00%, 1, 0, 1, 32.32, 41025, 7
1633, 30, 3, 4, 0, 0, 0.00%, 1, 0, 1, 35.41, 41215, 7
1638, 30, 3, 4, 0, 0, 0.00%, 1, 0, 1, 29.81, 41369, 7
1643, 30, 3, 4, 0, 0, 0.00%, 1, 0, 1, 29.19, 41483, 7
1648, 30, 3, 4, 0, 0, 0.00%, 1, 0, 1, 8.35, 41509, 7
1653, 30, 3, 4, 0, 0, 0.00%, 1, 0, 1, 8.55, 41552, 7
1658, 30, 3, 4, 0, 0, 0.00%, 1, 0, 1, 12.95, 41625, 7
1664, 30, 3, 4, 0, 0, 0.00%, 1, 0, 1, 14.57, 41694, 7
1669, 30, 3, 4, 0, 0, 0.00%, 1, 0, 1, 19.16, 41729, 7
1674, 30, 3, 4, 0, 0, 0.00%, 1, 0, 1, 47.57, 41919, 7
1679, 30, 3, 4, 0, 0, 0.00%, 1, 0, 1, 32.12, 42039, 7
1684, 30, 3, 4, 0, 0, 0.00%, 1, 0, 1, 21.63, 42129, 7
1689, 30, 3, 4, 0, 0, 0.00%, 1, 0, 1, 19.43, 42227, 7
1694, 30, 3, 4, 0, 0, 0.00%, 1, 0, 1, 17.68, 42313, 7
1699, 30, 3, 4, 0, 0, 0.00%, 1, 0, 1, 2.11, 42370, 7
1704, 31, 3, 4, 0, 0, 0.00%, 1, 0, 1, 40.30, 42484, 7
1709, 31, 3, 4, 0, 0, 0.00%, 1, 0, 1, 32.92, 42646, 7
1715, 31, 3, 4, 0, 0, 0.00%, 1, 0, 1, 29.98, 42796, 7
1720, 31, 3, 4, 0, 0, 0.00%, 1, 0, 1, 21.01, 42904, 7
1725, 31, 3, 4, 0, 0, 0.00%, 1, 0, 1, 3.37, 42975, 7
1730, 31, 3, 4, 0, 0, 0.00%, 1, 0, 1, 4.94, 43024, 7
1735, 31, 3, 4, 0, 0, 0.00%, 1, 0, 1, 8.87, 43073, 7
1740, 31, 3, 4, 0, 0, 0.00%, 1, 0, 1, 26.11, 43107, 7
1745, 31, 3, 4, 0, 0, 0.00%, 1, 0, 1, 24.16, 43264, 7
1751, 31, 3, 4, 0, 0, 0.00%, 1, 0, 1, 16.14, 43415, 7
1756, 31, 3, 4, 0, 0, 0.00%, 1, 0, 1, 27.52, 43567, 7
1761, 31, 3, 4, 0, 0, 0.00%, 1, 0, 1, 20.27, 43655, 7
1766, 31, 3, 4, 0, 0, 0.00%, 1, 0, 1, 19.46, 43759, 7
1771, 32, 3, 4, 0, 0, 0.00%, 1, 0, 1, 32.35, 43888, 7
1776, 32, 3, 4, 0, 0, 0.00%, 1, 0, 1, 32.99, 44065, 7
1781, 32, 3, 4, 0, 0, 0.00%, 1, 0, 1, 32.09, 44235, 7
1786, 32, 3, 4, 0, 0, 0.00%, 1, 0, 1, 17.68, 44338, 7
1791, 32, 3, 4, 0, 0, 0.00%, 1, 0, 1, 24.37, 44473, 7
1796, 32, 3, 4, 0, 0, 0.00%, 1, 0, 1, 21.64, 44576, 7
1801, 32, 3, 4, 0, 0, 0.00%, 1, 0, 1, 20.30, 44675, 7
1807, 32, 3, 4, 0, 0, 0.00%, 1, 0, 1, 23.99, 44804, 7
1812, 32, 3, 4, 0, 0, 0.00%, 1, 0, 1, 22.24, 44919, 7
1817, 32, 3, 4, 0, 0, 0.00%, 1, 0, 1, 31.68, 45090, 7
1822, 33, 3, 4, 0, 0, 0.00%, 1, 0, 1, 41.41, 45294, 7
1827, 33, 3, 4, 0, 0, 0.00%, 1, 0, 1, 38.90, 45501, 7
1832, 33, 3, 4, 0, 0, 0.00%, 1, 0, 1, 43.38, 45707, 7
1837, 33, 3, 4, 0, 0, 0.00%, 1, 0, 1, 34.86, 45886, 7
1843, 33, 3, 4, 0, 0, 0.00%, 1, 0, 1, 24.85, 45994, 7
1848, 33, 3, 4, 0, 0, 0.00%, 1, 0, 1, 20.77, 46090, 7
1853, 33, 3, 4, 0, 0, 0.00%, 1, 0, 1, 21.21, 46196, 7
1858, 33, 3, 4, 0, 0, 0.00%, 1, 0, 1, 29.41, 46349, 7
1863, 34, 3, 4, 0, 0, 0.00%, 1, 0, 1, 34.75, 46531, 7
1868, 34, 3, 4, 0, 0, 0.00%, 1, 0, 1, 21.01, 46614, 7
1873, 34, 3, 4, 0, 0, 0.00%, 1, 0, 1, 15.10, 46685, 7
1878, 34, 3, 4, 0, 0, 0.00%, 1, 0, 1, 26.08, 46810, 7
1883, 34, 3, 4, 0, 0, 0.00%, 1, 0, 1, 42.10, 47056, 7
1888, 34, 3, 4, 0, 0, 0.00%, 1, 0, 1, 35.93, 47233, 7
1893, 34, 3, 4, 0, 0, 0.00%, 1, 0, 1, 36.12, 47423, 7
1898, 34, 3, 4, 0, 0, 0.00%, 1, 0, 1, 48.75, 47674, 7
1904, 34, 3, 4, 0, 0, 0.00%, 1, 0, 1, 34.41, 47820, 7
1909, 35, 3, 4, 0, 0, 0.00%, 1, 0, 1, 33.30, 47985, 7
1914, 35, 3, 4, 0, 0, 0.00%, 1, 0, 1, 30.19, 48141, 7
1919, 35, 3, 4, 0, 0, 0.00%, 1, 0, 1, 21.27, 48231, 7
1924, 35, 3, 4, 0, 0, 0.00%, 1, 0, 1, 18.51, 48321, 7
1929, 35, 3, 4, 0, 0, 0.00%, 1, 0, 1, 17.93, 48410, 7
1934, 35, 3, 4, 0, 0, 0.00%, 1, 0, 1, 19.10, 48509, 7
1939, 35, 3, 4, 0, 0, 0.00%, 1, 0, 1, 19.66, 48611, 7
1945, 35, 3, 4, 0, 0, 0.00%, 1, 0, 1, 19.62, 48715, 7
1950, 35, 3, 4, 0, 0, 0.00%, 1, 0, 1, 20.48, 48815, 7
1955, 35, 3, 4, 0, 0, 0.00%, 1, 0, 1, 43.10, 49060, 7
1960, 36, 3, 4, 0, 0, 0.00%, 1, 0, 1, 52.57, 49324, 7
1965, 36, 3, 4, 0, 0, 0.00%, 1, 0, 1, 41.77, 49548, 7
1970, 36, 3, 4, 0, 0, 0.00%, 1, 0, 1, 31.27, 49690, 7
1975, 36, 3, 4, 0, 0, 0.00%, 1, 0, 1, 29.51, 49829, 7
1980, 36, 3, 4, 0, 0, 0.00%, 1, 0, 1, 4.88, 49855, 7
1987, 36, 3, 4, 0, 0, 0.00%, 1, 0, 1, 0.43, 49917, 7
1992, 36, 3, 4, 0, 0, 0.00%, 1, 0, 1, 0.39, 49921, 7
1997, 36, 3, 4, 0, 0, 0.00%, 1, 0, 1, 22.62, 49991, 7
2002, 36, 3, 4, 0, 0, 0.00%, 1, 0, 1, 23.87, 50110, 7
2007, 36, 3, 4, 0, 0, 0.00%, 1, 0, 1, 24.64, 50230, 7
2013, 36, 3, 4, 0, 0, 0.00%, 1, 0, 1, 49.31, 50477, 7
2018, 36, 3, 4, 0, 0, 0.00%, 1, 0, 1, 3.53, 50607, 7
2023, 37, 3, 4, 0, 0, 0.00%, 1, 0, 1, 26.05, 50715, 7
2028, 37, 3, 4, 0, 0, 0.00%, 1, 0, 1, 20.54, 50814, 7
2034, 37, 3, 4, 0, 0, 0.00%, 1, 0, 1, 28.74, 50963, 7
2039, 37, 3, 4, 0, 0, 0.00%, 1, 0, 1, 43.32, 51182, 7
2044, 37, 3, 4, 0, 0, 0.00%, 1, 0, 1, 50.92, 51422, 7
2049, 37, 3, 4, 0, 0, 0.00%, 1, 0, 1, 65.65, 51763, 7
2054, 37, 3, 4, 0, 0, 0.00%, 1, 0, 1, 40.48, 51933, 7
2059, 38, 3, 4, 0, 0, 0.00%, 1, 0, 1, 30.62, 52079, 7
2064, 38, 3, 4, 0, 0, 0.00%, 1, 0, 1, 28.83, 52226, 7
2069, 38, 3, 4, 0, 0, 0.00%, 1, 0, 1, 5.52, 52346, 7
2074, 38, 3, 4, 0, 0, 0.00%, 1, 0, 1, 20.94, 52475, 7
